39,-1,776,64,61,82
40,-1,783,62,66,83
41,-1,792,68,66,82
42,-1,813,84,52,67
43,-1,803,72,71,80
44,-1,822,84,61,67
45,-1,835,75,65,76
46,-1,844,74,66,74
47,-1,851,70,66,81
48,-1,860,66,71,82
49,-1,862,61,67,81
50,-1,873,71,66,82
51,-1,893,75,61,88
52,-1,883,76,70,81
53,-1,890,80,67,80
54,-1,893,85,66,76
55,-1,892,80,77,84
56,-1,893,80,77,84
57,-1,888,79,77,83
58,-1,891,78,77,82
59,-1,902,85,61,74
60,-1,907,80,62,75
61,-1,902,85,65,72
62,-1,904,77,71,83
63,-1,908,80,70,81
64,-1,913,83,70,82
65,-1,909,79,71,85
66,-1,912,80,75,91
67,-1,920,87,77,92
68,-1,924,89,77,96
69,-1,929,90,82,93
70,-1,936,99,62,89
71,-1,941,101,65,89
72,-1,944,91,77,90
73,-1,947,87,80,96
74,-1,951,88,75,92
74,-1,781,100,47,67
75,-1,951,88,75,91
75,-1,785,95,50,69
76,-1,953,90,77,93
76,-1,789,89,56,68
77,-1,953,95,76,91
77,-1,791,95,67,76
78,-1,950,97,81,93
78,-1,805,92,57,75
79,-1,950,99,80,96
79,-1,812,95,60,75
80,-1,948,104,82,99
80,-1,822,99,57,69
81,-1,951,109,81,97
81,-1,819,87,70,74
82,-1,832,107,55,68
82,-1,947,99,95,101
83,-1,839,108,55,68
83,-1,955,112,66,84
84,-1,851,111,50,68
84,-1,940,103,86,98
85,-1,948,102,92,97
85,-1,848,111,50,69
86,-1,951,111,80,92
86,-1,841,112,70,72
87,-1,961,104,76,88
87,-1,854,114,51,69
88,-1,954,102,85,100
88,-1,848,112,55,81
89,-1,959,107,86,98
89,-1,863,108,56,73
90,-1,961,103,82,92
90,-1,849,106,75,82
91,-1,856,111,77,81
91,-1,968,99,92,104
92,-1,967,105,95,109
92,-1,868,110,61,76
93,-1,970,105,95,114
93,-1,863,112,75,80
94,-1,987,127,77,100
94,-1,868,116,72,76
95,-1,983,122,92,104
95,-1,868,113,70,75
96,-1,988,126,92,101
96,-1,876,112,75,82
97,-1,1002,134,85,97
97,-1,883,115,62,81
98,-1,889,118,65,82
98,-1,1009,135,90,98
99,-1,1003,135,101,107
99,-1,891,118,65,81
100,-1,1009,136,92,105
100,-1,895,122,61,77
100,-1,780,109,55,76
101,-1,1022,129,92,99
101,-1,772,102,71,98
101,-1,899,125,65,77
102,-1,786,104,60,80
102,-1,1022,126,90,100
102,-1,903,119,61,80
103,-1,1019,126,90,101
103,-1,780,96,77,97
103,-1,906,117,61,81
104,-1,1031,133,85,93
104,-1,904,114,65,82
104,-1,799,98,66,84
105,-1,802,107,65,84
105,-1,1031,132,87,98
105,-1,908,117,60,77
106,-1,1032,150,75,90
106,-1,906,118,60,77
106,-1,812,102,66,77
107,-1,1035,152,70,97
107,-1,908,132,52,75
107,-1,817,95,70,88
108,-1,1038,157,66,97
108,-1,887,119,85,89
108,-1,826,98,67,84
109,-1,828,102,75,85
109,-1,1042,157,66,85
109,-1,899,124,71,82
110,-1,834,106,72,83
110,-1,1041,160,66,84
110,-1,884,129,80,84
111,-1,1014,152,95,106
111,-1,888,135,56,77
111,-1,842,107,65,82
112,-1,839,101,67,84
112,-1,883,135,56,80
112,-1,1012,149,92,109
113,-1,848,106,67,80
113,-1,1016,151,92,101
113,-1,887,133,66,82
114,-1,1015,150,87,117
114,-1,837,102,81,88
114,-1,880,136,70,83
115,-1,1013,149,86,121
115,-1,841,111,76,88
115,-1,890,140,55,69
116,-1,1013,153,91,96
116,-1,847,105,90,100
117,-1,1010,145,91,114
117,-1,863,134,71,96
118,-1,858,133,75,97
118,-1,1008,148,97,117
119,-1,861,128,72,92
119,-1,1008,154,97,121
120,-1,1010,154,101,116
120,-1,854,126,86,100
121,-1,1012,149,111,130
121,-1,858,136,80,98
122,-1,1019,156,105,130
122,-1,867,144,71,93
123,-1,1032,170,85,130
123,-1,866,153,65,88
124,-1,1030,169,100,124
124,-1,863,154,67,91
124,-1,775,115,40,58
125,-1,861,155,70,93
125,-1,1048,182,86,114
125,-1,781,110,50,77
126,-1,1031,176,107,124
126,-1,861,154,71,96
126,-1,779,112,50,68
127,-1,1038,180,105,116
127,-1,775,100,76,84
127,-1,860,152,72,97
128,-1,1056,179,97,124
128,-1,787,114,51,68
128,-1,869,151,75,91
129,-1,1057,184,90,115
129,-1,789,111,72,83
129,-1,858,149,77,99
130,-1,1042,171,101,123
130,-1,857,148,75,99
130,-1,799,116,57,69
131,-1,1050,180,100,120
131,-1,854,148,75,101
131,-1,799,117,75,76
132,-1,1051,186,102,123
132,-1,856,147,76,97
132,-1,817,125,46,64
133,-1,854,158,66,100
133,-1,1051,185,111,133
133,-1,805,117,72,82
134,-1,849,149,85,106
134,-1,1063,208,87,117
135,-1,1049,205,106,125
135,-1,848,159,80,99
136,-1,1042,204,111,131
136,-1,848,157,81,106
137,-1,1025,199,127,141
137,-1,849,148,82,100
138,-1,1026,203,130,144
138,-1,844,169,72,96
139,-1,1023,202,127,146
139,-1,840,166,76,98
140,-1,1018,193,132,153
140,-1,847,170,75,92
141,-1,1016,189,135,154
141,-1,831,163,82,105
142,-1,1015,188,136,156
142,-1,833,164,76,97
143,-1,1016,191,135,155
143,-1,838,180,66,90
144,-1,1017,196,137,155
144,-1,831,180,67,97
144,-1,842,120,77,83
145,-1,1020,204,132,148
145,-1,830,175,75,92
145,-1,843,120,72,76
146,-1,1024,211,130,148
146,-1,833,180,75,92
146,-1,852,124,52,69
147,-1,833,187,72,85
147,-1,1039,205,120,152
147,-1,855,122,52,68
147,-1,812,142,57,72
148,-1,1030,222,127,147
148,-1,831,190,77,90
148,-1,845,119,72,85
148,-1,783,138,76,83
149,-1,1034,218,135,164
149,-1,831,195,72,89
149,-1,854,123,50,66
149,-1,777,136,72,80
150,-1,1048,229,127,152
150,-1,833,204,71,84
150,-1,853,128,51,67
150,-1,775,138,72,77
151,-1,1051,233,135,156
151,-1,851,126,55,72
151,-1,827,201,80,99
151,-1,781,134,67,82
152,-1,1076,232,110,146
152,-1,833,193,86,99
152,-1,852,131,52,72
153,-1,1062,237,126,156
153,-1,852,135,52,73
153,-1,838,205,71,81
154,-1,1067,230,131,154
154,-1,841,196,76,91
154,-1,841,132,76,85
155,-1,1066,230,135,155
155,-1,846,127,80,83
155,-1,841,189,81,99
155,-1,783,142,60,85
156,-1,1071,231,131,156
156,-1,849,128,80,84
156,-1,842,196,82,97
156,-1,791,69,42,57
156,-1,780,132,65,81
157,-1,1069,228,135,161
157,-1,781,67,80,88
157,-1,834,193,82,97
157,-1,853,130,76,81
157,-1,770,134,81,84
158,-1,1069,230,136,162
158,-1,808,69,57,69
158,-1,852,138,71,84
158,-1,846,197,76,91
158,-1,772,133,65,80
159,-1,1068,232,137,168
159,-1,815,77,66,72
159,-1,840,217,72,82
159,-1,855,139,62,76
159,-1,785,136,62,80
160,-1,1064,236,142,176
160,-1,848,210,71,84
160,-1,839,84,65,74
160,-1,860,128,57,76
160,-1,786,140,60,77
161,-1,1086,256,121,154
161,-1,850,219,67,81
161,-1,862,139,57,76
161,-1,789,137,57,76
161,-1,851,82,65,80
162,-1,1067,258,135,163
162,-1,783,135,67,84
162,-1,844,221,72,98
162,-1,867,140,55,69
162,-1,850,74,76,91
163,-1,1057,264,137,169
163,-1,777,134,75,90
163,-1,854,136,76,84
163,-1,831,222,80,96
163,-1,880,69,57,69
164,-1,771,131,75,90
164,-1,1052,267,146,170
164,-1,902,74,52,73
164,-1,864,137,56,66
164,-1,831,218,82,100
165,-1,1053,270,147,171
165,-1,778,131,65,81
165,-1,865,136,60,73
165,-1,831,217,90,106
165,-1,903,70,56,82
166,-1,1047,271,150,172
166,-1,863,146,55,60
166,-1,762,126,76,98
166,-1,901,59,77,81
166,-1,832,220,87,101
167,-1,1041,272,150,171
167,-1,757,129,76,92
167,-1,866,143,52,67
167,-1,831,217,90,106
167,-1,916,62,66,93
168,-1,1040,267,150,177
168,-1,756,138,72,84
168,-1,867,145,56,72
168,-1,835,220,87,101
168,-1,927,61,66,84
169,-1,1033,264,156,184
169,-1,742,133,77,82
169,-1,833,233,76,109
169,-1,867,143,52,68
169,-1,948,78,56,72
170,-1,1033,268,152,180
170,-1,740,136,75,91
170,-1,836,237,76,108
170,-1,860,143,72,81
170,-1,939,76,71,80
171,-1,1034,273,155,179
171,-1,844,236,82,104
171,-1,859,154,65,80
171,-1,737,140,71,90
171,-1,954,79,66,80
172,-1,1035,278,156,184
172,-1,958,79,67,88
172,-1,843,237,90,113
172,-1,852,138,72,76
172,-1,721,137,80,88
173,-1,1037,286,155,184
173,-1,962,78,72,90
173,-1,833,237,96,109
173,-1,853,149,75,77
173,-1,723,132,71,92
174,-1,966,77,72,85
174,-1,1037,272,162,201
174,-1,712,132,75,89
174,-1,838,220,102,117
174,-1,864,144,62,91
175,-1,1032,299,146,181
175,-1,834,235,106,122
175,-1,699,130,82,92
175,-1,857,146,67,81
175,-1,971,87,76,93
176,-1,1041,296,147,200
176,-1,843,246,92,113
176,-1,695,133,82,91
176,-1,857,140,60,77
176,-1,974,78,66,90
177,-1,1056,322,141,169
177,-1,984,79,70,89
177,-1,842,236,91,122
177,-1,693,135,80,88
177,-1,860,141,57,76
178,-1,1033,307,175,212
178,-1,987,74,75,92
178,-1,693,134,77,91
178,-1,873,159,47,74
178,-1,851,244,96,116
179,-1,1047,312,180,203
179,-1,997,76,75,90
179,-1,692,139,76,93
179,-1,854,242,97,120
179,-1,873,165,45,72
180,-1,1056,310,175,210
180,-1,680,138,82,99
180,-1,1006,81,67,80
180,-1,854,162,75,73
180,-1,858,246,92,113
181,-1,1050,311,197,200
181,-1,855,165,56,84
181,-1,1011,78,71,88
181,-1,851,243,95,116
181,-1,687,138,72,85
182,-1,1069,323,172,202
182,-1,867,166,62,80
182,-1,1015,78,76,90
182,-1,851,248,96,115
182,-1,678,135,77,98
183,-1,1055,315,180,205
183,-1,1021,76,77,98
183,-1,851,251,97,116
183,-1,861,166,76,91
183,-1,673,139,82,99
184,-1,1069,317,175,204
184,-1,859,242,101,121
184,-1,869,164,60,76
184,-1,1031,84,75,91
184,-1,670,138,86,105
184,-1,775,86,52,75
185,-1,1068,323,182,209
185,-1,854,263,95,114
185,-1,874,167,60,77
185,-1,672,143,80,97
185,-1,767,82,81,88
185,-1,1040,86,76,97
186,-1,1065,326,187,216
186,-1,851,260,101,121
186,-1,1050,99,67,89
186,-1,670,152,80,92
186,-1,880,165,57,75
186,-1,778,84,57,88
187,-1,1064,319,177,233
187,-1,849,267,105,125
187,-1,682,162,62,92
187,-1,781,82,72,80
187,-1,1063,95,66,82
187,-1,871,157,81,99
188,-1,1065,343,182,217
188,-1,674,154,81,96
188,-1,888,157,66,81
188,-1,864,281,97,123
188,-1,793,86,75,83
188,-1,1061,99,65,90
189,-1,1063,362,185,211
189,-1,886,160,65,85
189,-1,676,153,81,97
189,-1,865,282,96,123
189,-1,1077,91,71,91
189,-1,801,80,61,82
190,-1,1044,361,190,219
190,-1,890,166,70,82
190,-1,862,285,101,123
190,-1,677,150,81,99
190,-1,799,97,75,80
190,-1,1077,97,71,85
191,-1,1037,377,195,218
191,-1,865,288,96,121
191,-1,679,149,82,101
191,-1,884,159,76,84
191,-1,812,87,66,81
191,-1,1086,89,70,85
192,-1,1045,390,182,213
192,-1,850,275,107,132
192,-1,680,148,85,104
192,-1,1090,87,70,88
192,-1,893,158,80,89
192,-1,818,93,60,77
193,-1,1024,375,196,240
193,-1,848,280,110,132
193,-1,685,150,81,101
193,-1,1089,85,72,93
193,-1,898,170,65,83
193,-1,819,90,76,88
194,-1,1032,377,185,213
194,-1,847,283,110,131
194,-1,678,147,91,109
194,-1,1088,84,76,96
194,-1,902,172,67,89
194,-1,824,91,65,85
195,-1,1014,379,196,235
195,-1,682,149,87,107
195,-1,848,282,110,137
195,-1,1087,86,81,104
195,-1,915,186,52,76
195,-1,844,109,47,75
196,-1,1009,378,201,235
196,-1,845,284,116,148
196,-1,684,154,85,106
196,-1,908,181,65,83
196,-1,1092,90,75,96
196,-1,823,90,81,97
197,-1,1009,383,197,236
197,-1,689,159,82,106
197,-1,1089,101,72,105
197,-1,910,182,67,88
197,-1,857,295,107,130
197,-1,835,98,62,83
198,-1,1007,392,197,228
198,-1,911,181,67,90
198,-1,1095,107,72,93
198,-1,846,282,116,156
198,-1,686,153,90,105
198,-1,823,88,81,92
199,-1,1008,401,200,234
199,-1,914,184,67,88
199,-1,860,313,111,128
199,-1,1093,111,72,99
199,-1,822,85,85,97
199,-1,704,174,67,90
200,-1,1004,398,206,252
200,-1,917,185,70,85
200,-1,860,316,110,125
200,-1,688,174,81,109
200,-1,828,97,71,89
200,-1,1089,107,76,105
201,-1,1004,412,207,251
201,-1,685,166,90,100
201,-1,858,298,121,146
201,-1,1096,113,75,98
201,-1,832,97,72,89
201,-1,920,182,66,84
202,-1,1001,431,222,256
202,-1,859,310,115,146
202,-1,1096,111,75,93
202,-1,708,185,71,101
202,-1,934,189,60,82
202,-1,833,99,71,88
203,-1,1012,432,202,260
203,-1,853,318,116,145
203,-1,1089,107,80,104
203,-1,710,186,72,105
203,-1,925,176,70,89
203,-1,841,98,66,85
204,-1,1008,442,221,275
204,-1,851,315,121,154
204,-1,1096,106,75,98
204,-1,689,172,96,115
204,-1,929,179,70,90
204,-1,843,100,66,83
205,-1,1023,465,216,251
205,-1,1097,102,82,107
205,-1,850,318,120,147
205,-1,690,174,95,114
205,-1,933,184,67,89
205,-1,844,102,66,82
206,-1,1029,465,226,261
206,-1,1100,104,80,108
206,-1,693,177,92,106
206,-1,844,313,125,154
206,-1,847,102,61,81
206,-1,929,184,75,97
207,-1,1037,465,231,269
207,-1,700,172,86,113
207,-1,1109,110,77,97
207,-1,844,308,121,152
207,-1,848,103,62,83
207,-1,930,182,86,97
208,-1,1048,463,225,269
208,-1,844,320,122,149
208,-1,848,107,65,85
208,-1,705,174,86,112
208,-1,1121,113,75,99
208,-1,934,189,80,93
209,-1,1052,468,226,265
209,-1,831,313,131,164
209,-1,849,111,65,82
209,-1,702,170,96,123
209,-1,937,203,75,91
209,-1,1115,109,82,109
210,-1,1053,465,226,272
210,-1,823,318,131,160
210,-1,1119,110,90,113
210,-1,704,177,95,116
210,-1,952,211,67,82
210,-1,844,116,77,90
210,-1,786,101,45,65
211,-1,1047,462,237,282
211,-1,820,341,110,137
211,-1,952,197,75,97
211,-1,1130,122,85,107
211,-1,709,183,86,107
211,-1,850,123,75,84
211,-1,795,109,51,66
212,-1,1043,477,242,281
212,-1,1147,130,75,93
212,-1,812,335,127,163
212,-1,708,186,96,115
212,-1,955,197,75,96
212,-1,854,126,71,82
212,-1,790,103,71,80
213,-1,1038,492,245,284
213,-1,793,339,131,165
213,-1,960,209,70,81
213,-1,1145,129,82,106
213,-1,726,190,82,105
213,-1,852,110,71,91
213,-1,800,101,47,66
214,-1,1026,501,241,289
214,-1,1147,127,90,115
214,-1,717,196,95,112
214,-1,965,208,71,80
214,-1,782,349,135,156
214,-1,860,115,70,80
214,-1,807,103,55,67
215,-1,1016,523,251,285
215,-1,775,351,127,160
215,-1,1154,134,85,98
215,-1,737,210,85,104
215,-1,860,119,71,90
215,-1,960,191,80,105
215,-1,809,105,61,75
216,-1,1005,539,261,293
216,-1,759,360,135,152
216,-1,1161,133,82,99
216,-1,735,197,91,117
216,-1,963,188,82,107
216,-1,854,106,75,97
216,-1,812,108,50,64
217,-1,982,544,266,305
217,-1,1174,132,80,107
217,-1,751,357,126,160
217,-1,866,112,66,82
217,-1,751,202,91,108
217,-1,974,215,66,83
217,-1,820,100,57,69
218,-1,968,568,271,290
218,-1,731,360,141,156
218,-1,1176,121,80,96
218,-1,739,199,97,108
218,-1,970,201,75,93
218,-1,853,108,72,92
218,-1,825,101,52,68
219,-1,943,571,281,304
219,-1,1174,119,82,98
219,-1,966,205,87,96
219,-1,763,214,80,108
219,-1,751,370,130,145
219,-1,857,121,71,88
220,-1,921,586,280,300
220,-1,717,354,141,172
220,-1,1164,118,92,113
220,-1,742,189,102,120
220,-1,966,205,87,105
220,-1,856,119,70,83
221,-1,899,595,266,292
221,-1,704,367,146,163
221,-1,1168,126,90,109
221,-1,753,188,102,133
221,-1,850,124,75,84
221,-1,983,219,80,96
222,-1,892,591,255,304
222,-1,753,190,102,133
222,-1,1174,129,86,99
222,-1,676,366,162,177
222,-1,978,220,81,101
222,-1,854,120,66,91
223,-1,846,576,271,323
223,-1,751,195,106,131
223,-1,1169,132,90,112
223,-1,681,371,147,170
223,-1,985,221,81,100
223,-1,849,119,71,92
224,-1,869,596,206,324
224,-1,758,202,96,115
224,-1,675,386,137,157
224,-1,978,225,82,104
224,-1,851,124,72,93
224,-1,1177,156,81,93
225,-1,793,621,302,300
225,-1,669,384,131,176
225,-1,760,212,100,114
225,-1,981,228,80,101
225,-1,1168,137,97,123
225,-1,847,130,75,96
226,-1,801,630,280,313
226,-1,653,394,140,181
226,-1,749,211,105,121
226,-1,1166,141,96,120
226,-1,976,220,81,104
226,-1,834,127,86,99
226,-1,891,115,55,67
227,-1,785,636,282,317
227,-1,1167,147,92,116
227,-1,983,225,82,107
227,-1,638,389,151,186
227,-1,751,210,110,130
227,-1,832,129,85,97
227,-1,880,102,81,81
228,-1,777,643,275,337
228,-1,1006,241,62,89
228,-1,759,219,92,108
228,-1,1165,142,96,122
228,-1,632,401,132,170
228,-1,831,132,85,90
228,-1,887,102,76,82
229,-1,623,398,150,178
229,-1,765,681,261,316
229,-1,758,221,96,116
229,-1,1175,133,86,113
229,-1,833,131,91,92
229,-1,992,219,91,112
229,-1,917,113,57,73
230,-1,612,403,151,178
230,-1,826,134,76,83
230,-1,752,221,102,117
230,-1,785,685,215,336
230,-1,1169,138,96,121
230,-1,996,225,87,106
230,-1,918,111,60,72
230,-1,800,71,41,59
231,-1,612,403,137,187
231,-1,745,724,291,323
231,-1,747,228,91,112
231,-1,836,138,67,77
231,-1,993,238,82,97
231,-1,1172,131,100,129
231,-1,780,63,47,67
231,-1,925,121,56,68
232,-1,594,403,151,184
232,-1,1175,133,96,128
232,-1,836,134,76,98
232,-1,745,228,107,129
232,-1,741,752,262,325
232,-1,924,111,71,75
232,-1,1006,255,67,97
232,-1,789,64,45,65
233,-1,591,423,132,162
233,-1,735,753,266,326
233,-1,759,232,97,113
233,-1,825,124,87,97
233,-1,771,57,76,83
233,-1,1004,251,90,108
233,-1,1179,133,102,128
233,-1,925,109,71,76
234,-1,570,424,131,157
234,-1,686,752,327,327
234,-1,1181,148,100,122
234,-1,745,227,95,115
234,-1,935,112,61,76
234,-1,1021,267,66,99
234,-1,780,53,60,81
234,-1,823,127,90,100
235,-1,746,228,110,121
235,-1,1010,254,91,116
235,-1,1192,143,100,125
235,-1,559,407,151,202
235,-1,708,775,297,304
235,-1,779,53,61,85
235,-1,946,114,56,69
235,-1,833,136,80,98
236,-1,553,440,132,171
236,-1,750,230,110,121
236,-1,1195,151,97,124
236,-1,792,60,55,74
236,-1,839,148,86,97
236,-1,690,756,301,323
236,-1,950,113,57,74
236,-1,1011,256,87,120
237,-1,528,432,155,192
237,-1,750,229,107,124
237,-1,1190,152,111,141
237,-1,829,153,77,96
237,-1,1015,256,96,121
237,-1,782,52,75,81
237,-1,661,790,337,289
237,-1,947,131,62,69
238,-1,507,423,150,203
238,-1,755,236,107,122
238,-1,849,159,67,96
238,-1,1034,263,75,98
238,-1,1212,174,100,125
238,-1,784,50,75,83
238,-1,660,798,351,281
238,-1,949,118,60,82
239,-1,476,438,165,201
239,-1,1228,165,85,113
239,-1,842,149,80,101
239,-1,1021,249,100,123
239,-1,757,230,110,138
239,-1,958,123,60,72
239,-1,789,51,71,82
240,-1,465,440,176,218
240,-1,847,155,81,90
240,-1,1219,166,97,123
240,-1,766,242,110,124
240,-1,1033,257,85,96
240,-1,799,61,66,82
240,-1,958,122,56,74
241,-1,850,152,85,104
241,-1,1226,170,100,124
241,-1,452,439,181,208
241,-1,778,260,101,117
241,-1,798,58,81,83
241,-1,1034,253,91,116
241,-1,960,126,56,75
242,-1,775,260,107,117
242,-1,1035,258,91,115
242,-1,433,437,172,234
242,-1,1245,182,87,121
242,-1,851,150,85,106
242,-1,962,128,55,74
242,-1,807,71,71,84
243,-1,419,443,157,218
243,-1,776,261,107,122
243,-1,1224,162,115,139
243,-1,870,159,77,101
243,-1,817,60,61,74
243,-1,956,125,72,82
243,-1,1041,269,85,114
244,-1,387,448,192,209
244,-1,783,266,110,128
244,-1,1238,171,95,132
244,-1,867,157,85,105
244,-1,819,65,65,81
244,-1,956,124,71,83
244,-1,1055,275,85,106
245,-1,374,451,167,208
245,-1,787,263,117,136
245,-1,1230,157,115,137
245,-1,869,157,86,106
245,-1,1060,289,81,100
245,-1,831,68,67,77
245,-1,973,129,52,69
246,-1,789,265,116,129
246,-1,1051,281,96,115
246,-1,372,450,157,229
246,-1,862,143,92,101
246,-1,1247,177,91,124
246,-1,835,68,67,85
246,-1,974,134,62,68
247,-1,1250,181,92,125
247,-1,864,163,82,92
247,-1,1054,290,96,120
247,-1,791,262,120,137
247,-1,335,472,180,196
247,-1,970,128,60,75
247,-1,838,66,66,82
248,-1,328,485,206,209
248,-1,1229,178,106,132
248,-1,795,260,121,140
248,-1,862,146,91,101
248,-1,1056,292,97,115
248,-1,974,127,60,75
248,-1,849,68,72,84
249,-1,1236,177,111,136
249,-1,799,262,120,139
249,-1,1059,292,95,116
249,-1,976,129,61,77
249,-1,857,162,91,104
249,-1,849,72,76,85
249,-1,295,477,222,237
250,-1,802,264,117,138
250,-1,295,510,186,197
250,-1,866,65,62,73
250,-1,1244,203,100,120
250,-1,1064,297,91,113
250,-1,977,129,65,80
250,-1,845,161,105,122
251,-1,811,269,107,121
251,-1,279,510,172,197
251,-1,1239,185,112,138
251,-1,973,135,62,84
251,-1,866,60,62,73
251,-1,858,171,91,107
251,-1,1065,295,96,116
252,-1,811,280,110,123
252,-1,270,503,171,248
252,-1,1234,186,117,146
252,-1,1067,292,102,121
252,-1,868,182,91,109
252,-1,861,69,66,75
252,-1,972,125,80,85
253,-1,814,285,105,123
253,-1,248,533,187,210
253,-1,1240,206,105,117
253,-1,1062,291,106,124
253,-1,856,175,97,120
253,-1,985,136,57,75
253,-1,859,65,82,92
254,-1,251,540,177,228
254,-1,804,267,126,149
254,-1,1066,289,110,128
254,-1,1232,185,121,147
254,-1,853,172,95,109
254,-1,988,139,66,83
254,-1,877,80,62,77
255,-1,235,557,197,208
255,-1,803,281,130,146
255,-1,1246,203,106,133
255,-1,1088,300,90,108
255,-1,857,179,92,115
255,-1,861,77,77,90
255,-1,987,140,77,89
256,-1,223,548,172,235
256,-1,806,291,126,145
256,-1,1081,317,91,114
256,-1,1238,185,115,138
256,-1,989,140,76,77
256,-1,854,174,96,120
256,-1,863,76,81,89
257,-1,195,538,211,229
257,-1,812,294,112,133
257,-1,1246,185,116,139
257,-1,861,78,86,98
257,-1,1079,313,102,123
257,-1,864,185,90,108
257,-1,995,157,61,76
258,-1,808,293,115,136
258,-1,174,530,210,249
258,-1,1251,186,121,140
258,-1,853,174,96,114
258,-1,860,82,76,83
258,-1,1090,333,77,108
258,-1,1007,145,70,82
259,-1,808,290,112,137
259,-1,167,547,191,241
259,-1,1087,345,97,114
259,-1,863,182,96,114
259,-1,1253,186,135,149
259,-1,856,86,75,83
259,-1,1013,158,57,74
260,-1,804,285,117,139
260,-1,130,552,225,256
260,-1,1265,203,120,136
260,-1,1084,329,106,132
260,-1,865,182,96,113
260,-1,859,81,75,88
260,-1,1015,146,72,82
261,-1,1269,209,120,136
261,-1,138,562,177,256
261,-1,802,286,120,138
261,-1,1086,331,111,133
261,-1,857,86,66,73
261,-1,860,179,96,116
261,-1,1033,152,56,81
262,-1,1270,212,112,141
262,-1,801,288,121,140
262,-1,849,85,72,84
262,-1,1089,327,111,136
262,-1,108,577,182,244
262,-1,1023,138,71,89
262,-1,865,171,96,112
263,-1,71,573,232,275
263,-1,793,285,140,157
263,-1,868,183,92,115
263,-1,1285,228,117,138
263,-1,852,83,66,82
263,-1,1092,344,115,128
263,-1,1029,141,66,82
264,-1,1298,214,112,141
264,-1,795,286,137,160
264,-1,848,80,70,84
264,-1,1086,325,112,133
264,-1,857,193,107,128
264,-1,54,592,216,251
264,-1,1031,141,65,81
265,-1,795,290,136,157
265,-1,1299,226,137,153
265,-1,25,615,216,265
265,-1,846,81,70,84
265,-1,866,187,97,128
265,-1,1091,337,117,129
265,-1,1033,143,67,83
266,-1,798,292,141,157
266,-1,0,604,251,297
266,-1,870,194,101,124
266,-1,844,79,72,88
266,-1,1091,320,112,138
266,-1,1305,229,132,157
266,-1,1036,143,70,82
267,-1,1312,226,137,156
267,-1,0,618,236,282
267,-1,809,310,132,149
267,-1,845,82,71,84
267,-1,1083,329,112,132
267,-1,884,202,97,116
267,-1,1041,158,52,74
268,-1,1322,217,135,168
268,-1,817,317,122,144
268,-1,835,73,82,89
268,-1,1087,346,107,130
268,-1,0,622,185,285
268,-1,888,205,96,116
268,-1,1036,145,67,88
269,-1,1328,214,135,169
269,-1,891,202,100,120
269,-1,836,74,81,89
269,-1,1092,344,102,139
269,-1,811,332,131,148
269,-1,1044,154,60,80
269,-1,0,588,142,361
270,-1,1324,207,150,176
270,-1,899,205,87,114
270,-1,1081,364,107,136
270,-1,808,324,135,149
270,-1,852,88,57,73
270,-1,1044,157,61,82
271,-1,814,331,137,155
271,-1,1329,213,136,178
271,-1,885,193,106,130
271,-1,1041,159,66,82
271,-1,846,91,71,90
271,-1,1082,379,101,132
272,-1,823,334,131,155
272,-1,1334,223,127,164
272,-1,1040,164,66,83
272,-1,1077,373,115,148
272,-1,848,94,72,92
272,-1,887,194,105,128
273,-1,819,334,145,169
273,-1,1333,232,131,164
273,-1,1070,386,115,139
273,-1,890,200,106,128
273,-1,1040,162,70,85
273,-1,841,96,75,98
274,-1,818,332,146,176
274,-1,848,94,80,92
274,-1,892,206,101,117
274,-1,1344,237,126,163
274,-1,1065,393,112,137
274,-1,1046,162,66,81
275,-1,816,336,145,168
275,-1,891,209,105,123
275,-1,850,92,86,96
275,-1,1330,243,136,173
275,-1,1058,390,116,145
275,-1,1046,169,76,85
276,-1,829,348,125,147
276,-1,1335,258,141,173
276,-1,896,215,100,124
276,-1,856,92,82,92
276,-1,1040,171,70,84
276,-1,1065,395,110,132
277,-1,889,209,102,136
277,-1,1046,165,71,88
277,-1,827,363,120,133
277,-1,856,100,77,93
277,-1,1054,381,121,160
277,-1,1331,256,145,181
278,-1,889,216,107,138
278,-1,1322,254,151,196
278,-1,1058,162,65,80
278,-1,1052,383,116,157
278,-1,856,98,80,93
278,-1,823,348,137,161
279,-1,1316,275,125,169
279,-1,894,221,105,133
279,-1,788,349,140,168
279,-1,1049,388,111,152
279,-1,1051,160,76,91
279,-1,857,97,80,93
280,-1,1314,264,146,192
280,-1,796,343,150,185
280,-1,893,222,105,137
280,-1,1054,399,102,141
280,-1,1065,179,62,75
280,-1,858,106,75,84
281,-1,1301,247,167,216
281,-1,808,367,136,165
281,-1,891,224,107,139
281,-1,852,96,81,100
281,-1,1047,409,106,148
281,-1,1055,165,75,92
282,-1,1300,244,170,218
282,-1,892,225,107,139
282,-1,772,369,156,171
282,-1,1042,425,106,146
282,-1,1066,178,70,83
282,-1,865,101,71,88
283,-1,1301,243,172,220
283,-1,888,221,116,145
283,-1,851,96,80,97
283,-1,758,367,162,187
283,-1,1033,423,112,165
283,-1,1057,169,77,97
283,-1,784,113,30,42
284,-1,759,372,155,180
284,-1,888,221,117,145
284,-1,858,108,71,96
284,-1,1318,272,131,178
284,-1,1061,170,75,93
284,-1,1037,435,121,157
284,-1,783,105,36,53
285,-1,740,365,181,210
285,-1,1310,256,171,208
285,-1,891,225,116,141
285,-1,860,107,72,84
285,-1,1066,177,72,93
285,-1,1040,446,100,149
285,-1,787,97,52,69
286,-1,723,375,176,200
286,-1,895,232,115,137
286,-1,1321,277,155,192
286,-1,1077,189,70,90
286,-1,1040,443,105,164
286,-1,782,99,55,75
286,-1,823,100,97,104
287,-1,1333,283,151,187
287,-1,711,383,162,189
287,-1,1075,184,77,96
287,-1,899,234,116,138
287,-1,782,88,56,69
287,-1,1039,442,105,170
287,-1,839,113,81,97
288,-1,1338,285,157,202
288,-1,695,388,171,192
288,-1,1070,188,77,107
288,-1,887,237,115,147
288,-1,1035,439,112,177
288,-1,783,87,62,75
288,-1,838,129,81,92
289,-1,675,391,167,189
289,-1,1344,306,165,194
289,-1,898,244,117,140
289,-1,1080,182,91,99
289,-1,1030,432,115,186
289,-1,783,92,57,76
289,-1,834,120,82,91
290,-1,665,393,171,185
290,-1,1334,302,167,211
290,-1,912,264,105,114
290,-1,1086,188,76,92
290,-1,1033,436,110,178
290,-1,783,95,77,83
290,-1,831,118,82,91
291,-1,1357,313,161,203
291,-1,651,389,165,195
291,-1,899,253,127,155
291,-1,1088,187,77,93
291,-1,1028,435,116,181
291,-1,820,105,90,98
291,-1,794,101,55,73
292,-1,1365,318,162,204
292,-1,634,390,176,200
292,-1,1087,182,81,98
292,-1,1024,449,122,173
292,-1,902,262,122,149
292,-1,822,110,91,107
292,-1,798,101,56,73
293,-1,625,400,180,196
293,-1,1375,325,142,203
293,-1,1023,461,125,170
293,-1,1093,183,77,96
293,-1,903,257,125,161
293,-1,818,108,86,109
294,-1,611,415,186,189
294,-1,1376,328,147,195
294,-1,915,289,105,117
294,-1,1013,457,140,189
294,-1,1099,188,75,90
294,-1,825,93,87,121
295,-1,1357,310,195,209
295,-1,916,287,106,120
295,-1,603,415,181,205
295,-1,1102,191,72,82
295,-1,1011,489,132,169
295,-1,822,107,90,100
296,-1,1356,307,192,212
296,-1,607,430,160,193
296,-1,914,284,125,140
296,-1,1011,490,137,184
296,-1,1091,190,90,109
296,-1,837,116,81,101
297,-1,1354,308,196,216
297,-1,573,430,191,218
297,-1,903,260,130,160
297,-1,1001,505,156,177
297,-1,1090,181,95,108
297,-1,840,120,82,105
298,-1,1341,313,205,229
298,-1,555,432,185,221
298,-1,904,261,127,157
298,-1,1092,194,90,113
298,-1,1006,526,142,171
298,-1,824,114,100,117
299,-1,1355,331,177,209
299,-1,985,528,136,165
299,-1,566,456,172,201
299,-1,899,263,130,155
299,-1,826,111,97,116
299,-1,1097,206,75,113
300,-1,970,524,177,186
300,-1,550,444,165,209
300,-1,1359,321,175,236
300,-1,1100,209,76,98
300,-1,912,284,112,128
300,-1,832,107,100,120
301,-1,1360,325,152,248
301,-1,540,448,180,210
301,-1,971,526,166,185
301,-1,1104,214,67,89
301,-1,894,267,115,145
301,-1,842,117,96,121
302,-1,1335,338,172,226
302,-1,518,453,185,216
302,-1,962,535,150,180
302,-1,886,283,120,154
302,-1,1098,211,87,114
302,-1,842,121,96,117
303,-1,1337,356,186,244
303,-1,504,463,181,204
303,-1,888,286,132,163
303,-1,941,524,195,202
303,-1,862,133,91,108
303,-1,1095,211,90,114
304,-1,881,287,135,164
304,-1,490,459,202,218
304,-1,1328,366,165,219
304,-1,940,506,181,228
304,-1,1099,217,70,88
304,-1,856,128,96,116
305,-1,1315,373,191,220
305,-1,466,466,205,226
305,-1,936,536,176,193
305,-1,873,289,135,170
305,-1,861,125,100,122
305,-1,1096,208,90,113
306,-1,1308,368,191,233
306,-1,459,455,200,244
306,-1,921,547,172,189
306,-1,864,120,106,131
306,-1,889,300,126,161
306,-1,1093,206,87,113
307,-1,1294,370,195,235
307,-1,449,493,176,208
307,-1,866,120,100,128
307,-1,917,575,166,187
307,-1,1090,204,96,116
307,-1,859,297,135,172
308,-1,1290,367,196,236
308,-1,906,584,185,195
308,-1,862,307,131,160
308,-1,866,118,100,130
308,-1,432,491,176,234
308,-1,1093,207,92,115
309,-1,1293,353,192,257
309,-1,851,303,132,170
309,-1,408,505,190,224
309,-1,899,598,181,200
309,-1,871,112,92,116
309,-1,1110,217,67,105
309,-1,794,85,37,56
310,-1,1298,360,185,241
310,-1,842,297,141,178
310,-1,394,530,176,200
310,-1,899,616,172,180
310,-1,870,118,97,129
310,-1,781,69,51,73
310,-1,1099,233,82,99
311,-1,374,531,200,224
311,-1,1295,380,192,227
311,-1,878,616,175,202
311,-1,835,295,142,184
311,-1,872,129,92,124
311,-1,768,62,76,90
311,-1,1099,217,86,113
312,-1,1305,378,185,260
312,-1,334,526,215,237
312,-1,861,621,172,196
312,-1,825,310,131,161
312,-1,1104,229,81,113
312,-1,869,127,95,124
312,-1,781,63,61,83
313,-1,1311,399,176,233
313,-1,850,616,185,212
313,-1,835,302,140,176
313,-1,326,541,191,226
313,-1,1102,235,91,107
313,-1,871,146,97,123
313,-1,789,70,62,81
313,-1,896,109,82,83
314,-1,1294,407,196,248
314,-1,828,307,140,178
314,-1,301,528,205,241
314,-1,832,617,181,210
314,-1,1099,229,95,108
314,-1,858,160,85,106
314,-1,796,80,60,77
314,-1,905,114,65,73
315,-1,1294,425,197,236
315,-1,804,607,196,221
315,-1,283,553,206,226
315,-1,822,318,142,181
315,-1,1108,237,90,108
315,-1,862,152,100,116
315,-1,799,67,66,84
315,-1,900,120,77,89
316,-1,257,535,217,257
316,-1,1285,419,201,274
316,-1,788,629,181,208
316,-1,816,317,142,180
316,-1,1109,234,95,116
316,-1,801,57,72,89
316,-1,860,158,101,117
316,-1,899,120,75,83
317,-1,1298,438,210,259
317,-1,236,544,230,259
317,-1,769,617,196,225
317,-1,809,325,146,188
317,-1,1114,235,95,115
317,-1,855,158,102,116
317,-1,805,63,77,91
317,-1,900,120,86,91
318,-1,751,631,192,225
318,-1,1291,435,221,274
318,-1,230,552,206,240
318,-1,864,155,96,114
318,-1,1115,235,95,116
318,-1,816,346,126,176
318,-1,824,74,57,84
318,-1,924,133,50,64
319,-1,1287,453,207,257
319,-1,726,646,201,226
319,-1,193,559,245,244
319,-1,1115,232,92,117
319,-1,798,331,162,196
319,-1,864,153,96,113
319,-1,823,69,70,85
319,-1,905,135,60,68
320,-1,1293,442,212,275
320,-1,169,547,250,296
320,-1,786,348,140,179
320,-1,702,669,206,229
320,-1,1120,234,92,115
320,-1,862,152,101,117
320,-1,833,72,72,85
320,-1,898,119,86,93
321,-1,1284,437,215,280
321,-1,146,570,236,276
321,-1,674,668,216,266
321,-1,784,345,150,196
321,-1,859,156,105,123
321,-1,1115,232,91,117
321,-1,833,72,77,82
321,-1,897,115,90,98
322,-1,1271,440,222,283
322,-1,648,689,216,251
322,-1,124,579,236,284
322,-1,778,344,151,203
322,-1,835,75,102,108
322,-1,1123,243,90,113
322,-1,857,158,101,116
322,-1,899,114,90,98
323,-1,616,691,225,265
323,-1,1257,447,216,273
323,-1,99,594,236,285
323,-1,764,343,171,212
323,-1,1114,241,90,113
323,-1,852,75,72,82
323,-1,861,157,101,124
323,-1,905,124,70,77
324,-1,1242,455,237,284
324,-1,578,698,236,268
324,-1,64,622,261,253
324,-1,853,75,76,84
324,-1,753,351,151,204
324,-1,1112,248,91,112
324,-1,863,162,102,128
324,-1,898,118,85,89
325,-1,550,708,230,267
325,-1,1226,463,240,296
325,-1,745,338,171,218
325,-1,50,617,230,266
325,-1,1104,248,97,120
325,-1,865,86,70,74
325,-1,869,173,95,122
325,-1,903,117,80,85
326,-1,1212,481,241,281
326,-1,517,710,232,272
326,-1,18,625,246,283
326,-1,1109,260,96,121
326,-1,749,354,156,195
326,-1,859,169,110,130
326,-1,878,80,75,80
326,-1,916,126,66,82
327,-1,729,357,167,197
327,-1,1203,489,206,316
327,-1,477,710,245,274
327,-1,0,617,262,308
327,-1,1104,269,96,117
327,-1,867,170,107,130
327,-1,901,124,87,107
327,-1,876,75,91,92
328,-1,1174,516,241,285
328,-1,720,372,165,194
328,-1,0,629,251,307
328,-1,447,702,257,292
328,-1,870,174,111,131
328,-1,1104,275,97,116
328,-1,898,112,95,108
329,-1,1156,531,240,285
329,-1,412,707,265,296
329,-1,684,368,195,220
329,-1,0,637,232,304
329,-1,873,184,110,123
329,-1,897,83,70,75
329,-1,1091,275,105,129
329,-1,912,140,77,99
330,-1,1129,544,251,289
330,-1,692,392,167,197
330,-1,381,722,256,297
330,-1,1088,282,96,120
330,-1,885,179,110,120
330,-1,902,79,72,82
330,-1,0,637,171,322
331,-1,1090,539,271,321
331,-1,348,742,256,306
331,-1,676,386,171,212
331,-1,905,84,86,88
331,-1,1093,294,82,109
331,-1,885,182,111,125
331,-1,917,125,91,114
332,-1,1053,544,285,322
332,-1,669,395,180,220
332,-1,306,764,255,314
332,-1,1082,293,86,115
332,-1,885,177,111,131
332,-1,909,82,75,81
333,-1,1049,547,265,324
333,-1,643,419,155,188
333,-1,268,783,270,296
333,-1,885,172,117,138
333,-1,1086,295,90,109
333,-1,918,74,76,85
334,-1,1022,548,287,332
334,-1,638,419,176,205
334,-1,241,812,255,267
334,-1,888,173,117,137
334,-1,915,82,85,91
334,-1,1071,273,102,137
334,-1,929,128,101,117
335,-1,1008,552,272,331
335,-1,619,421,162,197
335,-1,210,834,266,245
335,-1,887,178,116,137
335,-1,1065,284,97,121
335,-1,916,83,85,96
335,-1,934,132,82,100
336,-1,583,398,211,227
336,-1,1013,573,257,315
336,-1,891,186,112,133
336,-1,1059,277,110,140
336,-1,180,848,251,231
336,-1,930,122,95,116
337,-1,977,568,280,340
337,-1,885,175,122,152
337,-1,575,415,180,225
337,-1,1054,289,106,132
337,-1,105,860,312,219
337,-1,945,134,72,99
337,-1,924,86,75,83
338,-1,564,422,177,216
338,-1,949,578,312,354
338,-1,891,185,111,137
338,-1,1059,306,95,122
338,-1,932,116,92,112
338,-1,82,873,306,206
339,-1,562,422,182,213
339,-1,941,599,287,346
339,-1,888,197,112,131
339,-1,1045,295,112,137
339,-1,935,119,90,112
339,-1,27,880,292,199
340,-1,515,405,226,244
340,-1,939,615,297,369
340,-1,879,206,116,138
340,-1,1040,303,110,132
340,-1,927,139,100,117
340,-1,933,91,77,88
340,-1,3,862,297,217
341,-1,505,411,196,252
341,-1,922,655,275,345
341,-1,1041,292,117,149
341,-1,866,207,130,154
341,-1,935,149,91,108
341,-1,924,94,92,104
342,-1,503,438,187,221
342,-1,894,662,312,378
342,-1,864,198,130,154
342,-1,1037,309,117,141
342,-1,928,93,76,90
342,-1,935,146,80,96
343,-1,481,428,212,234
343,-1,903,684,281,372
343,-1,866,209,126,145
343,-1,933,147,86,99
343,-1,1028,310,126,149
343,-1,926,88,90,91
344,-1,472,456,192,235
344,-1,856,705,310,371
344,-1,860,216,121,138
344,-1,1026,318,125,146
344,-1,933,149,81,98
344,-1,928,83,92,101
345,-1,467,470,186,242
345,-1,823,723,327,353
345,-1,1031,324,110,129
345,-1,854,213,121,141
345,-1,938,166,72,80
345,-1,932,87,82,96
346,-1,456,473,175,248
346,-1,798,714,341,365
346,-1,1029,331,112,129
346,-1,860,224,115,138
346,-1,937,84,85,96
346,-1,932,164,72,91
347,-1,436,486,171,249
347,-1,775,727,342,352
347,-1,1018,319,127,147
347,-1,855,211,121,145
347,-1,952,94,70,85
347,-1,928,162,75,92
348,-1,419,501,185,233
348,-1,738,731,346,348
348,-1,1017,321,122,141
348,-1,858,226,111,128
348,-1,941,103,80,82
348,-1,925,157,80,98
349,-1,400,491,195,250
349,-1,695,726,355,353
349,-1,1013,323,121,137
349,-1,940,94,95,101
349,-1,930,150,77,92
349,-1,843,207,130,154
350,-1,382,495,200,251
350,-1,652,731,376,348
350,-1,1018,330,117,138
350,-1,915,144,91,104
350,-1,842,208,130,154
350,-1,965,98,75,89
351,-1,356,496,212,253
351,-1,958,104,87,93
351,-1,838,214,131,153
351,-1,1002,319,127,147
351,-1,623,743,360,336
351,-1,924,160,82,101
352,-1,344,492,202,253
352,-1,827,224,116,144
352,-1,1004,342,120,125
352,-1,911,147,95,112
352,-1,509,805,482,274
352,-1,955,104,91,105
353,-1,314,506,216,259
353,-1,998,334,130,155
353,-1,843,238,107,121
353,-1,927,164,82,106
353,-1,964,109,87,101
353,-1,504,822,430,257
354,-1,294,519,211,256
354,-1,993,339,131,157
354,-1,840,238,115,130
354,-1,923,180,92,101
354,-1,967,103,87,99
355,-1,269,520,216,265
355,-1,990,347,127,149
355,-1,831,225,131,155
355,-1,966,108,92,105
355,-1,915,169,106,125
355,-1,790,87,41,61
356,-1,234,538,242,267
356,-1,833,233,131,156
356,-1,980,347,132,155
356,-1,970,103,86,99
356,-1,917,178,106,120
356,-1,782,82,50,73
357,-1,230,552,216,266
357,-1,833,229,132,164
357,-1,967,364,126,153
357,-1,972,108,91,104
357,-1,931,181,95,114
357,-1,769,74,72,82
358,-1,963,365,141,163
358,-1,196,572,217,267
358,-1,832,231,135,164
358,-1,972,106,92,105
358,-1,923,173,101,113
358,-1,779,76,56,81
359,-1,167,578,225,281
359,-1,956,364,145,164
359,-1,834,241,131,154
359,-1,973,106,92,104
359,-1,955,183,85,93
359,-1,793,84,52,69
360,-1,832,239,140,163
360,-1,136,589,225,274
360,-1,955,371,137,152
360,-1,986,110,81,90
360,-1,939,189,96,109
360,-1,786,76,62,84
361,-1,112,601,225,273
361,-1,827,226,147,178
361,-1,959,383,120,148
361,-1,946,191,87,104
361,-1,985,103,77,97
361,-1,789,76,66,83
362,-1,80,605,225,280
362,-1,822,227,150,176
362,-1,947,370,142,156
362,-1,954,183,86,99
362,-1,980,112,85,96
362,-1,799,77,57,81
363,-1,46,599,240,293
363,-1,816,227,146,176
363,-1,945,370,142,160
363,-1,982,121,81,89
363,-1,953,172,92,113
363,-1,798,72,75,85
364,-1,19,602,240,300
364,-1,942,373,147,164
364,-1,806,82,61,89
364,-1,811,227,141,192
364,-1,991,124,72,88
364,-1,949,186,95,114
365,-1,0,606,247,307
365,-1,977,116,87,93
365,-1,948,182,95,115
365,-1,800,241,145,171
365,-1,944,372,150,168
365,-1,817,85,65,76
366,-1,794,252,150,171
366,-1,0,617,246,309
366,-1,946,386,137,161
366,-1,981,123,87,99
366,-1,826,84,61,77
366,-1,953,185,91,129
367,-1,0,634,232,304
367,-1,780,255,151,177
367,-1,945,399,132,157
367,-1,832,82,66,82
367,-1,974,121,86,97
367,-1,954,208,87,105
368,-1,943,407,140,164
368,-1,769,254,146,187
368,-1,979,124,85,100
368,-1,0,644,205,320
368,-1,837,81,67,81
368,-1,948,199,95,116
369,-1,754,267,160,178
369,-1,941,409,145,171
369,-1,977,122,85,100
369,-1,848,86,65,81
369,-1,947,207,92,115
369,-1,0,676,157,330
370,-1,944,422,141,168
370,-1,743,276,152,173
370,-1,858,85,66,82
370,-1,977,119,87,104
370,-1,932,192,101,120
371,-1,731,274,145,185
371,-1,940,433,151,179
371,-1,938,210,95,113
371,-1,864,82,67,77
371,-1,965,122,100,117
372,-1,712,279,161,181
372,-1,925,424,160,188
372,-1,874,83,66,80
372,-1,967,123,100,116
372,-1,927,193,102,122
373,-1,699,275,157,188
373,-1,928,429,156,189
373,-1,881,80,70,82
373,-1,983,124,85,105
373,-1,930,210,102,122
374,-1,681,269,161,189
374,-1,943,440,141,171
374,-1,887,80,70,96
374,-1,980,118,91,108
374,-1,930,195,102,122
375,-1,654,266,166,195
375,-1,939,439,146,173
375,-1,937,208,107,124
375,-1,899,85,66,75
375,-1,980,124,100,109
376,-1,931,433,160,184
376,-1,652,266,162,186
376,-1,901,82,70,83
376,-1,936,206,111,128
376,-1,981,121,102,123
377,-1,923,437,160,186
377,-1,652,286,140,163
377,-1,906,80,71,85
377,-1,927,208,110,124
377,-1,981,134,91,100
378,-1,624,270,165,189
378,-1,907,443,182,196
378,-1,910,83,70,81
378,-1,937,212,101,113
378,-1,1000,155,75,91
379,-1,611,275,170,195
379,-1,909,444,175,194
379,-1,915,82,72,89
379,-1,936,212,105,122
379,-1,1010,143,75,106
380,-1,604,287,155,176
380,-1,906,460,161,193
380,-1,986,145,106,120
380,-1,952,226,96,125
380,-1,932,95,56,84
381,-1,604,309,147,171
381,-1,897,473,176,202
381,-1,1003,145,91,106
381,-1,949,223,106,128
381,-1,917,97,70,82
382,-1,583,297,170,194
382,-1,947,233,105,125
382,-1,880,480,182,202
382,-1,1010,144,91,108
382,-1,919,87,75,93
383,-1,581,294,156,197
383,-1,859,496,177,186
383,-1,1005,138,96,116
383,-1,954,226,101,130
383,-1,913,99,75,89
384,-1,554,317,181,194
384,-1,1007,137,97,116
384,-1,848,497,191,205
384,-1,911,101,75,93
384,-1,969,240,106,117
385,-1,552,319,167,205
385,-1,907,100,76,97
385,-1,825,504,200,225
385,-1,1008,136,101,122
385,-1,961,240,116,136
386,-1,541,326,162,202
386,-1,813,528,180,189
386,-1,906,100,72,93
386,-1,966,240,111,137
386,-1,1011,157,85,106
387,-1,527,322,167,197
387,-1,795,506,207,236
387,-1,973,239,112,138
387,-1,1008,138,101,123
387,-1,908,88,82,101
388,-1,497,329,196,208
388,-1,787,533,190,196
388,-1,972,233,122,145
388,-1,906,98,72,89
388,-1,1015,134,105,124
389,-1,489,324,180,197
389,-1,779,537,175,189
389,-1,974,241,106,131
389,-1,1011,149,101,117
389,-1,913,86,76,92
390,-1,481,317,171,203
390,-1,753,532,227,218
390,-1,971,241,125,139
390,-1,1023,156,90,108
390,-1,907,96,72,88
391,-1,734,534,212,221
391,-1,460,316,191,216
391,-1,984,232,120,140
391,-1,912,98,72,85
391,-1,1004,155,127,122
392,-1,437,315,200,220
392,-1,726,531,210,225
392,-1,975,248,122,139
392,-1,1017,161,102,124
392,-1,918,99,77,88
393,-1,413,328,186,211
393,-1,725,554,190,216
393,-1,980,249,117,136
393,-1,1003,169,112,131
393,-1,922,92,76,91
393,-1,776,52,61,84
394,-1,387,342,197,217
394,-1,705,550,207,241
394,-1,981,266,111,128
394,-1,926,95,71,89
394,-1,784,47,61,82
394,-1,1009,155,112,138
395,-1,359,332,211,233
395,-1,706,557,192,226
395,-1,923,101,77,99
395,-1,1007,154,112,140
395,-1,985,264,115,122
395,-1,779,49,65,84
396,-1,343,341,186,217
396,-1,677,569,212,251
396,-1,933,102,75,89
396,-1,1007,181,101,117
396,-1,977,277,110,144
396,-1,789,54,72,74
397,-1,324,355,187,209
397,-1,658,580,220,250
397,-1,973,273,121,146
397,-1,943,110,72,83
397,-1,1008,149,115,149
397,-1,802,45,65,83
398,-1,296,368,205,225
398,-1,639,595,220,253
398,-1,970,270,116,137
398,-1,806,53,57,81
398,-1,942,110,72,84
398,-1,1018,169,106,131
399,-1,271,373,192,220
399,-1,636,614,215,243
399,-1,970,292,106,122
399,-1,941,112,91,100
399,-1,1014,168,115,138
399,-1,815,54,65,73
400,-1,252,379,190,221
400,-1,632,611,191,249
400,-1,1027,176,97,129
400,-1,959,269,117,139
400,-1,943,103,85,93
400,-1,825,54,67,74
401,-1,587,612,241,275
401,-1,224,369,185,225
401,-1,1031,179,97,130
401,-1,832,57,62,74
401,-1,956,104,80,96
401,-1,956,274,132,153
402,-1,188,362,202,236
402,-1,543,639,290,234
402,-1,966,111,80,93
402,-1,1024,176,110,124
402,-1,960,270,122,138
402,-1,838,51,67,80
403,-1,177,369,200,241
403,-1,550,621,235,269
403,-1,962,109,86,107
403,-1,955,271,125,138
403,-1,1026,183,106,128
403,-1,834,53,66,76
404,-1,146,385,191,218
404,-1,514,620,251,268
404,-1,965,106,82,104
404,-1,951,277,126,146
404,-1,1037,185,102,133
404,-1,853,60,52,82
405,-1,129,351,215,244
405,-1,1024,186,116,140
405,-1,494,630,250,269
405,-1,965,107,81,105
405,-1,944,281,135,152
405,-1,849,57,67,77
406,-1,459,642,252,277
406,-1,107,379,201,245
406,-1,1028,184,115,140
406,-1,947,292,130,144
406,-1,965,109,80,107
406,-1,850,54,71,83
407,-1,82,370,207,244
407,-1,399,651,295,275
407,-1,1033,189,117,137
407,-1,854,59,65,74
407,-1,950,293,131,157
407,-1,965,110,76,84
408,-1,57,395,206,234
408,-1,392,684,267,281
408,-1,1024,179,140,156
408,-1,940,298,137,160
408,-1,960,108,90,93
408,-1,861,51,80,83
409,-1,41,408,206,241
409,-1,357,687,257,291
409,-1,940,307,137,165
409,-1,1050,202,100,133
409,-1,967,129,77,82
409,-1,868,50,67,82
410,-1,19,402,217,252
410,-1,950,316,136,153
410,-1,318,718,292,259
410,-1,1051,200,105,136
410,-1,965,131,77,82
410,-1,876,54,62,76
411,-1,0,414,207,245
411,-1,968,129,70,89
411,-1,1049,198,105,136
411,-1,874,51,75,84
411,-1,931,311,161,187
411,-1,265,719,302,305
412,-1,0,433,220,250
412,-1,884,52,71,82
412,-1,239,728,297,289
412,-1,1052,198,102,133
412,-1,961,131,67,92
412,-1,935,315,151,165
413,-1,0,449,220,252
413,-1,206,734,281,308
413,-1,890,54,72,82
413,-1,1040,186,122,138
413,-1,950,128,76,91
413,-1,933,313,152,168
414,-1,944,317,136,163
414,-1,0,445,205,259
414,-1,179,741,262,305
414,-1,1053,203,105,133
414,-1,956,134,72,97
414,-1,892,57,67,76
415,-1,936,311,142,179
415,-1,0,452,177,259
415,-1,133,758,297,274
415,-1,1046,210,107,117
415,-1,892,54,87,96
415,-1,934,124,80,99
416,-1,930,313,146,171
416,-1,73,740,305,312
416,-1,925,121,90,105
416,-1,1033,206,125,140
416,-1,898,57,91,99
416,-1,0,474,135,225
417,-1,923,321,145,173
417,-1,1028,210,125,146
417,-1,63,749,281,313
417,-1,902,64,92,90
417,-1,928,125,80,99
417,-1,0,474,127,213
418,-1,8,768,301,306
418,-1,1032,220,107,130
418,-1,937,329,135,171
418,-1,924,112,77,98
418,-1,904,59,81,90
419,-1,908,326,155,184
419,-1,1015,208,126,152
419,-1,0,779,320,300
419,-1,911,56,102,113
419,-1,922,128,75,85
420,-1,896,341,156,180
420,-1,1008,207,131,157
420,-1,0,798,282,281
420,-1,923,121,70,91
420,-1,923,67,75,88
421,-1,1008,216,121,148
421,-1,894,345,147,185
421,-1,0,810,230,269
421,-1,917,113,81,97
421,-1,930,67,70,76
422,-1,876,351,152,187
422,-1,1010,219,122,154
422,-1,910,123,77,90
422,-1,951,73,70,80
423,-1,864,360,147,187
423,-1,1000,210,130,155
423,-1,911,127,85,92
423,-1,959,71,70,77
424,-1,842,359,161,189
424,-1,994,203,117,155
424,-1,913,128,81,99
424,-1,959,67,76,83
425,-1,999,209,127,155
425,-1,829,365,157,189
425,-1,909,132,86,96
425,-1,956,67,85,85
425,-1,789,84,32,49
426,-1,993,206,132,161
426,-1,812,361,166,200
426,-1,962,57,75,83
426,-1,906,138,85,99
426,-1,784,83,45,64
427,-1,804,367,157,188
427,-1,991,207,132,164
427,-1,964,61,80,89
427,-1,922,142,81,97
427,-1,789,67,50,67
428,-1,787,364,171,200
428,-1,986,210,137,170
428,-1,915,133,87,105
428,-1,971,63,77,89
428,-1,787,67,65,72
429,-1,781,370,155,176
429,-1,986,217,140,165
429,-1,913,134,92,108
429,-1,975,59,81,97
429,-1,799,67,51,65
430,-1,986,227,137,163
430,-1,763,364,162,197
430,-1,979,66,77,89
430,-1,921,151,90,101
430,-1,798,73,60,72
431,-1,753,370,165,197
431,-1,984,232,137,162
431,-1,920,139,86,101
431,-1,976,77,80,89
431,-1,803,76,75,73
432,-1,749,380,157,200
432,-1,982,240,130,157
432,-1,980,76,90,99
432,-1,918,138,92,113
432,-1,821,73,60,69
433,-1,721,387,182,204
433,-1,999,238,136,177
433,-1,920,123,100,112
433,-1,840,75,52,66
433,-1,994,76,75,85
434,-1,716,406,170,203
434,-1,973,230,151,185
434,-1,840,70,57,69
434,-1,920,126,96,106
434,-1,996,80,77,93
435,-1,706,418,162,189
435,-1,967,233,157,188
435,-1,843,78,61,68
435,-1,997,81,81,96
435,-1,919,126,96,107
436,-1,689,423,182,192
436,-1,976,232,147,186
436,-1,907,140,86,98
436,-1,1009,100,71,83
436,-1,845,78,76,75
437,-1,670,415,205,201
437,-1,953,230,161,197
437,-1,867,70,60,72
437,-1,910,147,86,107
437,-1,1004,83,76,88
438,-1,674,422,185,193
438,-1,968,234,157,189
438,-1,903,145,96,109
438,-1,861,64,61,74
438,-1,1000,76,82,91
439,-1,653,423,190,202
439,-1,967,247,137,171
439,-1,896,141,102,120
439,-1,874,75,61,67
439,-1,1013,77,76,85
440,-1,642,421,177,201
440,-1,962,251,135,168
440,-1,1011,83,81,91
440,-1,902,157,92,114
440,-1,892,74,62,77
441,-1,627,425,185,201
441,-1,948,254,152,180
441,-1,1020,83,80,91
441,-1,882,75,66,73
441,-1,890,164,96,113
442,-1,612,418,190,209
442,-1,952,245,135,203
442,-1,885,76,67,74
442,-1,1026,76,77,89
442,-1,886,174,87,107
443,-1,589,428,181,209
443,-1,933,262,147,185
443,-1,893,71,66,69
443,-1,1028,75,87,96
443,-1,875,170,95,115
444,-1,566,451,212,211
444,-1,931,281,151,173
444,-1,866,159,105,122
444,-1,893,79,57,74
444,-1,1027,77,85,99
445,-1,551,452,206,225
445,-1,912,288,166,184
445,-1,869,161,97,115
445,-1,886,80,81,90
445,-1,1031,77,91,107
446,-1,516,465,205,219
446,-1,906,269,170,200
446,-1,1052,95,72,97
446,-1,859,154,102,122
446,-1,897,78,77,77
446,-1,785,69,51,68
447,-1,517,486,187,212
447,-1,1041,94,85,90
447,-1,859,152,101,122
447,-1,894,269,172,200
447,-1,774,58,75,93
447,-1,902,87,61,69
448,-1,464,459,230,251
448,-1,896,296,146,165
448,-1,859,152,102,123
448,-1,1054,103,82,91
448,-1,900,87,65,74
448,-1,782,64,75,90
449,-1,878,289,151,173
449,-1,428,479,245,243
449,-1,862,158,101,116
449,-1,1062,102,85,97
449,-1,891,77,77,81
449,-1,796,63,65,77
450,-1,416,479,207,236
450,-1,868,292,167,192
450,-1,858,156,106,122
450,-1,815,72,60,80
450,-1,900,87,66,76
450,-1,1069,97,87,101
451,-1,393,468,221,250
451,-1,865,289,157,173
451,-1,868,161,97,120
451,-1,1072,95,87,100
451,-1,901,86,66,80
451,-1,821,72,60,83
452,-1,370,469,215,251
452,-1,849,290,156,173
452,-1,1083,104,87,97
452,-1,899,75,82,85
452,-1,875,186,97,109
452,-1,821,62,66,82
453,-1,354,471,210,243
453,-1,842,280,160,205
453,-1,830,63,70,84
453,-1,899,74,82,85
453,-1,1086,95,86,100
453,-1,864,171,110,129
454,-1,333,482,216,240
454,-1,842,302,151,179
454,-1,836,72,67,81
454,-1,904,78,77,82
454,-1,1102,104,75,105
454,-1,873,173,102,116
455,-1,304,495,207,234
455,-1,816,300,172,204
455,-1,1098,102,82,112
455,-1,883,182,105,122
455,-1,905,94,75,75
455,-1,834,68,82,84
456,-1,281,511,220,241
456,-1,812,313,170,194
456,-1,887,181,106,130
456,-1,1101,100,87,98
456,-1,921,83,61,75
456,-1,844,70,66,76
457,-1,260,512,220,251
457,-1,890,185,106,125
457,-1,806,322,155,196
457,-1,1119,107,75,97
457,-1,916,86,66,73
457,-1,842,73,82,84
458,-1,242,522,222,257
458,-1,797,326,182,200
458,-1,1110,104,92,105
458,-1,907,183,111,129
458,-1,915,86,71,77
458,-1,863,82,60,75
459,-1,220,545,227,252
459,-1,774,326,192,216
459,-1,848,76,71,82
459,-1,911,88,76,83
459,-1,1117,102,92,97
459,-1,928,205,92,104
460,-1,202,549,227,261
460,-1,779,332,170,218
460,-1,919,185,110,125
460,-1,847,78,76,85
460,-1,912,92,76,89
460,-1,1113,114,92,101
461,-1,185,562,221,259
461,-1,760,336,201,218
461,-1,849,79,72,84
461,-1,919,180,115,124
461,-1,1117,126,92,99
461,-1,914,92,80,85
462,-1,147,582,251,250
462,-1,750,336,191,218
462,-1,850,79,72,84
462,-1,1116,122,96,99
462,-1,924,183,115,122
462,-1,918,101,66,83
463,-1,147,572,220,261
463,-1,747,342,177,202
463,-1,1117,124,95,98
463,-1,850,78,71,82
463,-1,926,102,87,93
463,-1,928,180,116,123
464,-1,125,573,225,264
464,-1,724,312,191,233
464,-1,850,76,72,82
464,-1,1127,125,75,88
464,-1,931,190,100,121
464,-1,931,96,71,82
465,-1,102,570,221,275
465,-1,716,326,180,220
465,-1,855,76,71,80
465,-1,957,203,87,113
465,-1,1121,123,90,105
465,-1,936,95,67,77
466,-1,695,333,207,240
466,-1,77,577,235,272
466,-1,856,74,71,81
466,-1,938,199,116,136
466,-1,1125,123,86,101
466,-1,941,96,65,73
467,-1,54,575,242,280
467,-1,679,344,196,232
467,-1,1124,124,87,114
467,-1,937,206,111,130
467,-1,854,70,71,81
467,-1,929,90,65,74
468,-1,30,579,242,290
468,-1,656,360,200,220
468,-1,934,213,116,133
468,-1,858,66,66,81
468,-1,1141,127,80,104
468,-1,920,98,85,84
469,-1,4,601,247,284
469,-1,645,343,210,245
469,-1,1124,115,100,115
469,-1,925,209,126,148
469,-1,919,93,80,85
469,-1,879,85,56,74
470,-1,0,614,252,284
470,-1,619,372,205,229
470,-1,866,82,66,75
470,-1,1134,112,95,106
470,-1,928,215,116,139
470,-1,904,94,90,90
471,-1,0,622,247,298
471,-1,594,376,210,250
471,-1,922,207,126,146
471,-1,1147,132,75,105
471,-1,864,82,75,76
471,-1,917,102,65,83
472,-1,0,632,182,309
472,-1,573,376,206,242
472,-1,916,201,127,154
472,-1,1140,124,95,107
472,-1,911,104,72,77
472,-1,866,78,77,81
473,-1,553,390,201,235
473,-1,916,210,126,146
473,-1,913,107,72,84
473,-1,1145,126,100,117
473,-1,0,671,150,277
474,-1,912,206,132,152
474,-1,531,380,197,249
474,-1,1137,124,105,128
474,-1,899,108,75,84
475,-1,914,207,132,153
475,-1,512,380,211,249
475,-1,893,106,76,89
475,-1,1150,148,90,112
475,-1,786,35,55,76
476,-1,485,371,225,267
476,-1,918,204,135,156
476,-1,886,103,82,88
476,-1,1146,138,105,125
476,-1,788,43,56,77
477,-1,480,375,196,274
477,-1,881,110,70,77
477,-1,1154,147,97,114
477,-1,920,207,136,160
477,-1,781,44,77,80
477,-1,938,101,52,69
478,-1,453,381,221,266
478,-1,1161,143,106,122
478,-1,922,233,121,137
478,-1,876,106,77,90
478,-1,935,105,62,75
478,-1,808,34,60,77
479,-1,429,377,230,273
479,-1,1168,140,106,125
479,-1,919,222,142,171
479,-1,950,99,62,82
479,-1,881,114,66,77
479,-1,804,51,72,76
480,-1,417,408,221,248
480,-1,924,238,130,149
480,-1,874,107,81,92
480,-1,1172,148,91,117
480,-1,811,48,76,80
480,-1,945,89,77,88
481,-1,394,404,225,266
481,-1,932,243,131,155
481,-1,871,108,75,83
481,-1,822,38,71,76
481,-1,1189,151,91,109
481,-1,952,88,77,91
482,-1,375,411,235,284
482,-1,934,246,142,171
482,-1,1188,146,96,114
482,-1,874,110,71,80
482,-1,829,37,81,81
482,-1,952,83,86,100
483,-1,361,428,221,281
483,-1,948,262,136,156
483,-1,962,97,71,88
483,-1,1191,144,96,116
483,-1,873,112,70,80
483,-1,849,46,56,61
484,-1,336,435,245,293
484,-1,951,262,135,157
484,-1,1192,144,96,115
484,-1,971,99,81,91
484,-1,863,106,87,97
484,-1,852,47,60,64
485,-1,952,259,146,165
485,-1,327,450,231,289
485,-1,1188,143,101,120
485,-1,981,96,77,97
485,-1,867,110,76,89
485,-1,856,53,72,80
486,-1,952,253,150,169
486,-1,302,466,236,283
486,-1,1192,152,97,116
486,-1,982,100,80,98
486,-1,869,114,76,91
486,-1,879,47,56,66
487,-1,288,471,232,283
487,-1,951,250,150,170
487,-1,1186,149,105,121
487,-1,992,105,76,93
487,-1,873,129,71,84
487,-1,891,56,62,72
488,-1,273,472,227,291
488,-1,951,245,146,170
488,-1,871,125,80,90
488,-1,1187,153,102,116
488,-1,996,111,72,90
488,-1,896,55,67,75
489,-1,247,469,240,300
489,-1,973,259,127,153
489,-1,869,126,81,92
489,-1,1185,156,111,129
489,-1,1001,117,80,85
489,-1,900,40,67,74
490,-1,228,462,245,306
490,-1,922,241,170,189
490,-1,1189,170,95,121
490,-1,873,128,81,83
490,-1,916,44,70,81
490,-1,1010,129,66,82
491,-1,195,450,246,315
491,-1,1193,177,92,122
491,-1,878,130,77,82
491,-1,943,258,147,178
491,-1,915,34,80,84
491,-1,1008,113,77,97
492,-1,178,475,246,309
492,-1,932,271,142,169
492,-1,1182,169,111,133
492,-1,876,128,80,90
492,-1,929,32,71,84
492,-1,1025,118,65,90
493,-1,152,481,261,321
493,-1,922,283,141,169
493,-1,1172,165,107,129
493,-1,876,127,82,91
493,-1,1019,109,81,92
493,-1,939,43,65,80
494,-1,122,497,256,317
494,-1,1168,161,112,136
494,-1,949,37,62,76
494,-1,875,126,81,90
494,-1,1016,115,75,77
494,-1,915,281,150,178
495,-1,98,507,257,323
495,-1,913,296,142,173
495,-1,931,35,81,88
495,-1,881,127,76,84
495,-1,1030,106,85,89
495,-1,1176,161,115,141
496,-1,61,521,265,332
496,-1,887,292,140,179
496,-1,1187,168,97,125
496,-1,869,127,85,93
496,-1,947,48,71,83
496,-1,1038,112,77,91
497,-1,35,530,271,330
497,-1,886,302,142,171
497,-1,864,135,80,89
497,-1,943,44,77,85
497,-1,1039,104,90,99
497,-1,1184,169,105,136
498,-1,1,548,267,328
498,-1,851,290,152,181
498,-1,956,49,70,82
498,-1,1171,167,115,133
498,-1,863,137,77,88
498,-1,1041,109,82,90
499,-1,839,288,171,184
499,-1,0,541,202,346
499,-1,959,55,67,80
499,-1,1174,174,110,133
499,-1,859,138,70,83
499,-1,1060,134,72,83
500,-1,0,553,227,354
500,-1,828,294,170,189
500,-1,1170,172,116,148
500,-1,1068,127,85,101
500,-1,854,139,76,92
500,-1,961,49,70,93
501,-1,0,575,185,341
501,-1,841,298,137,161
501,-1,850,152,87,90
501,-1,1188,178,101,141
501,-1,1069,121,90,100
501,-1,961,56,66,77
502,-1,811,281,162,203
502,-1,1080,127,91,96
502,-1,846,159,82,85
502,-1,1188,189,100,141
502,-1,960,58,66,77
502,-1,0,557,131,381
503,-1,814,301,145,177
503,-1,1089,127,86,89
503,-1,844,151,81,91
503,-1,956,54,77,77
503,-1,1178,194,115,152
504,-1,815,299,162,195
504,-1,837,146,87,98
504,-1,955,53,80,77
504,-1,1095,132,87,93
504,-1,1170,202,110,149
505,-1,808,315,162,187
505,-1,1098,133,92,90
505,-1,836,161,80,93
505,-1,955,58,66,73
505,-1,1168,197,116,137
506,-1,801,323,171,197
506,-1,1107,135,86,89
506,-1,822,142,95,108
506,-1,956,50,81,90
506,-1,1170,204,127,148
507,-1,797,344,175,193
507,-1,1112,127,87,96
507,-1,1154,194,126,160
507,-1,961,54,80,85
507,-1,821,139,97,113
508,-1,813,354,151,179
508,-1,964,55,80,85
508,-1,1121,133,81,96
508,-1,1152,192,125,160
508,-1,824,144,95,109
509,-1,798,349,160,196
509,-1,1120,126,87,97
509,-1,966,51,71,82
509,-1,1155,186,135,162
509,-1,835,145,91,101
510,-1,793,360,166,193
510,-1,1149,181,135,168
510,-1,837,146,92,104
510,-1,971,59,65,77
510,-1,1124,126,91,105
511,-1,795,359,161,192
511,-1,841,148,92,105
511,-1,1126,131,91,106
511,-1,1140,187,135,170
511,-1,973,61,67,80
512,-1,783,362,175,201
512,-1,843,157,92,100
512,-1,1124,193,131,163
512,-1,986,73,67,83
512,-1,1119,136,92,109
513,-1,788,352,166,195
513,-1,1132,203,122,155
513,-1,980,62,72,85
513,-1,846,156,87,96
513,-1,1118,128,106,129
514,-1,779,358,172,187
514,-1,1116,205,136,154
514,-1,988,61,72,89
514,-1,858,176,85,97
514,-1,1124,133,97,116
515,-1,765,344,190,221
515,-1,991,73,66,83
515,-1,857,163,101,109
515,-1,1110,200,135,192
516,-1,745,349,190,219
516,-1,984,72,87,92
516,-1,872,172,91,96
516,-1,1099,217,127,164
516,-1,1120,150,126,139
517,-1,736,344,176,220
517,-1,1002,75,66,82
517,-1,871,168,96,99
517,-1,1073,236,151,162
517,-1,1122,155,105,113
518,-1,714,358,196,228
518,-1,1065,227,140,171
518,-1,988,74,76,89
518,-1,1122,153,105,109
518,-1,873,170,101,112
519,-1,704,369,180,220
519,-1,1120,155,91,105
519,-1,891,176,87,115
519,-1,992,75,76,84
519,-1,1045,218,167,193
520,-1,692,396,191,224
520,-1,1124,153,102,114
520,-1,1034,232,150,176
520,-1,881,161,107,116
520,-1,993,71,82,90
521,-1,658,385,217,267
521,-1,1020,223,162,184
521,-1,1139,146,96,112
521,-1,898,172,90,113
521,-1,990,58,91,93
522,-1,652,398,205,241
522,-1,1005,224,145,173
522,-1,1130,144,105,120
522,-1,886,171,77,97
522,-1,988,56,91,97
523,-1,631,415,196,220
523,-1,1138,150,105,124
523,-1,1025,230,137,162
523,-1,899,179,86,114
523,-1,989,59,91,91
524,-1,611,415,192,221
524,-1,882,185,95,105
524,-1,998,211,146,185
524,-1,989,69,81,92
524,-1,1140,159,107,130
525,-1,592,392,200,251
525,-1,985,71,81,98
525,-1,986,207,152,193
525,-1,878,181,95,107
525,-1,1149,166,91,109
526,-1,575,392,201,244
526,-1,979,67,97,96
526,-1,966,204,151,193
526,-1,1150,174,107,120
526,-1,888,193,97,107
527,-1,566,403,187,241
527,-1,987,70,81,88
527,-1,1168,186,95,113
527,-1,868,187,105,122
527,-1,967,226,150,178
528,-1,537,401,211,253
528,-1,867,194,107,120
528,-1,1161,181,110,117
528,-1,980,79,82,90
528,-1,935,226,176,195
529,-1,524,409,216,259
529,-1,1166,181,110,121
529,-1,860,192,110,122
529,-1,930,231,177,203
529,-1,975,83,85,92
530,-1,510,413,215,259
530,-1,866,198,100,122
530,-1,1167,181,110,122
530,-1,911,246,152,189
530,-1,962,70,92,101
531,-1,498,422,202,274
531,-1,1173,176,110,122
531,-1,889,246,181,217
531,-1,955,69,95,104
531,-1,849,189,96,116
532,-1,481,437,217,266
532,-1,1176,177,107,121
532,-1,956,70,91,97
532,-1,854,187,112,129
532,-1,886,263,181,193
533,-1,472,452,217,268
533,-1,1191,185,95,117
533,-1,887,273,156,184
533,-1,955,76,87,92
533,-1,847,186,97,122
534,-1,465,461,215,267
534,-1,949,77,90,93
534,-1,869,275,166,181
534,-1,1184,174,116,130
534,-1,870,200,86,115
535,-1,457,480,216,267
535,-1,1188,173,111,124
535,-1,946,74,91,97
535,-1,852,248,176,205
535,-1,844,185,122,140
536,-1,450,490,220,267
536,-1,955,79,75,100
536,-1,1189,184,111,124
536,-1,827,236,186,220
537,-1,436,486,217,285
537,-1,816,234,191,237
537,-1,951,79,76,105
537,-1,1185,180,110,132
538,-1,420,495,236,280
538,-1,1182,180,122,148
538,-1,786,219,190,245
538,-1,937,82,92,97
539,-1,412,498,230,276
539,-1,943,80,91,101
539,-1,1187,190,112,136
539,-1,780,251,167,217
540,-1,393,500,235,275
540,-1,757,262,190,221
540,-1,1185,208,112,130
540,-1,937,77,96,108
541,-1,375,510,242,276
541,-1,735,284,192,202
541,-1,1182,207,117,137
541,-1,943,81,91,105
541,-1,888,227,107,124
542,-1,352,515,242,288
542,-1,692,279,206,235
542,-1,1176,203,126,144
542,-1,942,89,95,104
542,-1,865,226,127,140
543,-1,327,524,250,283
543,-1,678,274,186,226
543,-1,955,94,92,113
543,-1,1179,214,122,136
543,-1,864,222,131,160
544,-1,302,533,241,284
544,-1,654,286,197,232
544,-1,1187,215,107,121
544,-1,944,89,91,97
544,-1,869,234,115,140
545,-1,275,554,255,300
545,-1,644,288,191,228
545,-1,1179,204,126,147
545,-1,867,217,135,163
545,-1,955,94,96,105
546,-1,246,566,261,316
546,-1,602,287,190,237
546,-1,1191,216,110,124
546,-1,953,93,95,106
546,-1,871,228,112,141
547,-1,581,293,185,235
547,-1,231,584,260,306
547,-1,1196,213,115,129
547,-1,951,83,97,109
547,-1,867,215,127,154
548,-1,188,599,270,315
548,-1,1190,211,132,145
548,-1,546,292,210,236
548,-1,864,218,132,156
548,-1,962,97,87,97
549,-1,154,598,287,315
549,-1,538,285,205,251
549,-1,862,223,132,155
549,-1,1197,223,115,136
549,-1,949,80,101,114
550,-1,123,607,285,317
550,-1,516,285,205,253
550,-1,856,231,130,152
550,-1,1198,229,126,153
550,-1,949,82,101,114
551,-1,81,604,290,329
551,-1,498,285,196,257
551,-1,1195,220,135,160
551,-1,848,233,132,152
551,-1,957,96,92,105
552,-1,472,299,196,236
552,-1,46,606,296,333
552,-1,1203,227,137,176
552,-1,949,100,96,108
552,-1,846,235,132,149
553,-1,8,615,296,330
553,-1,1211,236,140,168
553,-1,446,289,212,269
553,-1,831,249,125,152
553,-1,952,99,97,116
554,-1,0,618,290,332
554,-1,427,305,212,257
554,-1,1217,239,142,168
554,-1,814,243,147,168
554,-1,948,105,96,114
555,-1,0,622,311,354
555,-1,408,320,207,253
555,-1,1221,238,132,160
555,-1,945,124,96,112
555,-1,807,257,130,155
556,-1,0,645,286,349
556,-1,388,325,205,261
556,-1,798,259,130,161
556,-1,1231,240,126,152
556,-1,938,108,110,123
557,-1,368,347,210,252
557,-1,1248,257,121,153
557,-1,0,672,255,346
557,-1,785,262,130,160
557,-1,940,115,101,120
558,-1,1248,254,126,155
558,-1,333,349,220,258
558,-1,0,697,232,340
558,-1,783,262,131,153
558,-1,938,127,96,109
559,-1,311,353,225,265
559,-1,766,259,141,164
559,-1,1244,262,120,137
559,-1,923,120,107,121
559,-1,0,698,192,381
560,-1,288,356,225,264
560,-1,1235,240,136,169
560,-1,763,256,137,164
560,-1,923,117,107,120
561,-1,263,359,227,261
561,-1,1233,240,141,171
561,-1,917,111,115,124
561,-1,730,236,172,187
562,-1,245,359,221,264
562,-1,1234,242,137,170
562,-1,916,105,116,131
562,-1,738,235,177,196
563,-1,1229,255,142,165
563,-1,215,356,227,269
563,-1,916,103,117,136
563,-1,735,256,160,179
564,-1,184,341,230,296
564,-1,1221,264,145,170
564,-1,917,109,120,132
564,-1,729,265,152,173
565,-1,157,344,222,300
565,-1,919,115,117,131
565,-1,1244,282,131,157
565,-1,729,280,142,168
566,-1,132,357,235,284
566,-1,1216,284,146,177
566,-1,921,116,116,130
566,-1,723,275,142,184
567,-1,85,343,237,304
567,-1,708,289,155,181
567,-1,928,133,107,116
567,-1,1206,292,141,176
568,-1,1201,298,155,176
568,-1,48,377,260,288
568,-1,700,307,150,170
568,-1,920,133,117,131
569,-1,1219,312,131,157
569,-1,31,399,237,285
569,-1,678,308,160,164
569,-1,919,135,122,138
570,-1,678,307,166,185
570,-1,18,393,201,320
570,-1,1191,305,145,171
570,-1,940,144,112,128
571,-1,665,306,167,180
571,-1,0,419,246,304
571,-1,1187,312,142,170
571,-1,927,131,127,146
572,-1,651,303,175,188
572,-1,940,143,110,132
572,-1,1183,313,146,172
572,-1,0,414,206,315
573,-1,946,144,106,129
573,-1,1178,315,156,173
573,-1,636,305,172,184
573,-1,0,436,157,315
574,-1,948,141,112,136
574,-1,622,308,172,188
574,-1,1166,297,172,196
575,-1,601,290,185,217
575,-1,1164,309,162,187
575,-1,938,131,132,144
576,-1,584,314,175,179
576,-1,938,120,135,152
576,-1,1166,319,166,196
577,-1,552,309,181,211
577,-1,941,129,132,152
577,-1,1162,328,156,203
578,-1,537,303,156,201
578,-1,1137,331,180,240
578,-1,944,144,140,146
579,-1,500,328,182,201
579,-1,935,135,132,162
579,-1,1150,371,160,193
580,-1,484,315,166,216
580,-1,1139,371,172,212
580,-1,925,128,145,180
581,-1,448,339,206,233
581,-1,1139,382,162,186
581,-1,931,155,131,157
582,-1,419,346,191,216
582,-1,1123,376,176,196
582,-1,921,151,135,165
583,-1,403,336,205,229
583,-1,1131,369,180,219
583,-1,925,161,130,153
584,-1,375,339,207,225
584,-1,1121,356,195,217
584,-1,906,151,145,178
585,-1,1126,353,170,217
585,-1,361,333,176,224
585,-1,895,147,151,184
586,-1,339,323,177,233
586,-1,1100,358,192,232
586,-1,888,156,147,170
587,-1,307,339,201,226
587,-1,1087,368,190,236
587,-1,881,155,150,173
588,-1,283,340,212,237
588,-1,1086,369,196,227
588,-1,892,148,152,187
589,-1,1065,379,201,243
589,-1,280,341,187,240
589,-1,879,155,147,180
590,-1,276,350,176,228
590,-1,1046,373,192,285
590,-1,883,154,146,170
591,-1,1025,400,226,264
591,-1,238,372,190,220
591,-1,872,156,160,187
592,-1,222,373,200,235
592,-1,1013,419,215,244
592,-1,881,161,151,176
593,-1,191,385,212,241
593,-1,1001,437,202,234
593,-1,878,172,152,172
594,-1,183,389,187,242
594,-1,971,446,220,251
594,-1,885,174,135,163
595,-1,154,396,197,245
595,-1,946,439,225,260
595,-1,873,198,130,164
596,-1,158,402,197,251
596,-1,938,443,216,272
596,-1,877,200,155,187
597,-1,110,413,222,250
597,-1,905,435,236,277
597,-1,881,203,146,178
598,-1,114,410,202,253
598,-1,896,432,231,280
598,-1,880,206,152,176
599,-1,75,421,211,257
599,-1,877,204,160,181
599,-1,878,426,236,298
600,-1,858,431,237,285
600,-1,55,410,211,259
600,-1,879,204,157,181
601,-1,28,414,212,265
601,-1,846,438,240,288
601,-1,873,196,165,188
602,-1,0,433,230,259
602,-1,835,435,256,308
602,-1,863,199,151,184
603,-1,812,457,250,297
603,-1,0,443,222,260
603,-1,866,202,151,180
604,-1,793,492,250,284
604,-1,0,443,166,290
604,-1,841,194,171,196
605,-1,779,510,245,284
605,-1,832,201,170,179
605,-1,0,452,145,267
606,-1,761,522,261,296
606,-1,826,207,185,187
607,-1,741,543,256,290
607,-1,801,196,187,210
608,-1,801,212,171,209
608,-1,725,544,282,301
609,-1,777,235,172,192
609,-1,708,541,277,317
610,-1,752,223,191,211
610,-1,677,547,286,306
611,-1,746,241,175,201
611,-1,663,547,282,323
612,-1,715,249,185,192
612,-1,636,538,296,337
613,-1,706,245,192,208
613,-1,608,562,296,325
614,-1,697,247,170,200
614,-1,581,559,306,347
615,-1,669,246,186,209
615,-1,552,590,297,338
616,-1,659,229,190,229
616,-1,520,609,295,336
617,-1,642,244,190,209
617,-1,476,646,321,322
618,-1,639,243,177,224
618,-1,423,658,320,330
619,-1,623,247,170,225
619,-1,365,695,376,339
620,-1,595,248,205,236
621,-1,576,265,207,212
621,-1,265,722,381,338
622,-1,565,267,211,245
622,-1,248,708,342,368
623,-1,562,283,185,235
623,-1,214,690,336,389
624,-1,541,279,205,248
624,-1,145,702,381,377
625,-1,528,282,216,248
625,-1,117,720,352,355
626,-1,520,283,207,250
626,-1,81,714,342,365
627,-1,500,281,200,240
627,-1,72,743,306,336
628,-1,482,280,220,258
629,-1,478,296,191,250
630,-1,453,280,215,259
631,-1,442,275,192,268
632,-1,395,305,237,244
633,-1,368,288,240,275
634,-1,329,311,260,260
635,-1,306,314,246,277
636,-1,285,335,251,256
637,-1,246,336,255,283
638,-1,214,341,251,274
639,-1,163,363,281,252
640,-1,144,343,262,297
641,-1,114,358,246,273
642,-1,68,349,280,288
643,-1,52,351,251,280
644,-1,19,336,246,293
645,-1,18,351,210,315
646,-1,0,358,281,313
647,-1,0,375,261,291
648,-1,0,385,190,324
649,-1,0,426,171,293
650,-1,0,438,140,277
